	Tilletiopsis	Skeletocutis	Ustilaginoidea	Nakaseomyces	Robbauera	Cystobasidium	Corynespora	Starmerella	Fusicolla	Periconia	Millerozyma	Elsinoe	Issatchenkia	Cyberlindnera	Dekkera	Ceriporia	Eichleriella	Exserohilum	Septoria	Kluyveromyces	Saprochaete	Cystofilobasidium	Rhizopus	Metschnikowia	Candida	Debaryomyces	Rhodotorula	Exophiala	Neodevriesia	Peniophora	Wickerhamomyces	Coprinellus	Flavodon	Entyloma	Nakazawaea	Sterigmatomyces	Malassezia	Tulasnella	Torulaspora	Naganishia	Coleophoma	Cochliobolus	Sphaerodes	Sarocladium	Aureobasidium	Bullera	Nigrospora	Colletotrichum	Phaeosphaeria	Zygosaccharomyces	Fusarium	Mycosphaerella	Curvularia	Schizophyllum	Protomyces	Wickerhamiella	Penicillium	Barnettozyma	Vishniacozyma	Recurvomyces	Wallemia	Phomatospora	Toxicocladosporium	Hanseniaspora	Helvella	Trichosporon	Violaceomyces	Kazachstania	Meyerozyma	Trichothecium	Tilletia	Symmetrospora	Ascotricha	Venturia	Betamyces	Bipolaris	Blumeria	Neurospora	Saccharomyces	Dissoconium	Kockovaella	Gibberella	Alternaria	Sporobolomyces	Bezerromyces	Xenoacremonium	Stachybotrys	Aspergillus	Pichia	Talaromyces	Lasiodiplodia	Sympodiomycopsis	Cladosporium	Catenaria	Lachancea	Parengyodontium	Phanerochaete	Sporidiobolus	Cryptococcus	Syspastospora	Xeromyces
sample-10	0.0	0.0	0.0	0.0	0.0	0.0	0.0	0	0.0	0.0	0.0	0.0	0.0	0	0.0	0	0.0	0.0	0.0	0.0	0.0	0	0.0	2.0	250	0	0.0	0.0	0.0	0.0	0.0	0.0	0.0	0.0	0.0	0.0	0	0.0	0.0	0.0	0.0	0.0	0.0	0.0	0.0	0.0	0.0	0.0	0.0	0	0	0.0	0	0.0	0.0	0.0	0	0.0	0	0.0	0.0	0.0	0.0	0.0	0.0	0	0.0	0	0.0	0.0	0.0	0.0	0.0	0.0	0.0	0	0.0	0.0	0.0	0.0	0.0	0.0	0	0.0	0.0	0.0	0.0	0	0.0	0	0.0	0.0	0	0.0	0.0	0.0	0.0	0.0	0.0	0.0	0.0
sample-11	0.0	0.0	0.0	0.0	0.0	0.0	0.0	0	0.0	0.0	0.0	0.0	0.0	0	0.0	0	0.0	0.0	0.0	0.0	0.0	0	0.0	0.0	10	0	0.0	0.0	0.0	0.0	0.0	0.0	0.0	0.0	0.0	0.0	4	5.0	0.0	0.0	0.0	0.0	0.0	0.0	0.0	0.0	0.0	0.0	0.0	0	2	0.0	0	0.0	0.0	0.0	0	0.0	0	0.0	0.0	0.0	0.0	0.0	0.0	0	0.0	0	0.0	0.0	0.0	0.0	0.0	0.0	0.0	0	5828.0	0.0	0.0	0.0	0.0	0.0	0	0.0	0.0	0.0	0.0	10	0.0	0	0.0	0.0	0	0.0	0.0	0.0	0.0	0.0	0.0	0.0	0.0
sample-12	0.0	0.0	2.0	0.0	15.0	0.0	0.0	149	0.0	0.0	0.0	0.0	275.0	0	0.0	0	0.0	15.0	0.0	0.0	0.0	0	0.0	0.0	1972	0	0.0	0.0	0.0	0.0	0.0	0.0	0.0	0.0	0.0	0.0	4	0.0	0.0	0.0	0.0	0.0	0.0	0.0	0.0	0.0	0.0	9.0	0.0	0	43	0.0	0	0.0	10.0	0.0	20	28.0	0	0.0	8.0	0.0	0.0	0.0	0.0	6	0.0	18	0.0	0.0	3.0	0.0	0.0	0.0	0.0	8	46474.0	0.0	42.0	0.0	0.0	0.0	301	0.0	0.0	988.0	0.0	4700	0.0	0	0.0	0.0	0	0.0	0.0	1013.0	122.0	0.0	0.0	0.0	97.0
sample-13	0.0	0.0	0.0	0.0	0.0	0.0	0.0	0	0.0	0.0	0.0	0.0	0.0	0	0.0	0	0.0	0.0	0.0	0.0	0.0	0	0.0	0.0	45	0	0.0	0.0	0.0	0.0	0.0	0.0	0.0	0.0	0.0	0.0	3	0.0	0.0	0.0	0.0	0.0	0.0	0.0	0.0	0.0	0.0	0.0	0.0	0	18	0.0	0	0.0	0.0	0.0	0	0.0	0	0.0	0.0	0.0	0.0	0.0	0.0	337	0.0	0	0.0	0.0	0.0	0.0	0.0	0.0	0.0	0	4269.0	0.0	11.0	0.0	0.0	0.0	0	0.0	0.0	18.0	0.0	148	0.0	0	0.0	0.0	0	0.0	0.0	15.0	0.0	0.0	0.0	0.0	0.0
sample-14	0.0	0.0	0.0	0.0	0.0	0.0	0.0	0	0.0	0.0	0.0	0.0	0.0	0	8.0	0	0.0	0.0	0.0	0.0	0.0	0	0.0	0.0	6620	0	0.0	0.0	0.0	0.0	0.0	0.0	0.0	0.0	0.0	0.0	0	0.0	0.0	0.0	0.0	0.0	0.0	0.0	0.0	0.0	0.0	0.0	0.0	0	0	0.0	0	0.0	0.0	0.0	0	0.0	0	0.0	0.0	0.0	0.0	0.0	93.0	0	0.0	0	0.0	0.0	0.0	0.0	0.0	0.0	0.0	0	16461.0	0.0	0.0	0.0	0.0	0.0	0	0.0	0.0	3.0	0.0	0	0.0	0	0.0	0.0	0	0.0	0.0	6.0	0.0	0.0	0.0	0.0	0.0
sample-15	0.0	0.0	0.0	0.0	0.0	0.0	0.0	0	0.0	0.0	0.0	0.0	0.0	0	0.0	0	0.0	0.0	0.0	0.0	0.0	0	0.0	12.0	8	0	0.0	0.0	0.0	0.0	0.0	0.0	0.0	0.0	0.0	0.0	0	50.0	0.0	0.0	0.0	0.0	0.0	0.0	0.0	0.0	0.0	0.0	0.0	0	0	0.0	0	0.0	0.0	0.0	0	0.0	0	0.0	0.0	0.0	0.0	0.0	0.0	0	0.0	0	0.0	0.0	0.0	0.0	0.0	0.0	0.0	0	6004.0	0.0	0.0	0.0	0.0	0.0	0	0.0	0.0	0.0	0.0	0	0.0	0	0.0	0.0	0	0.0	0.0	0.0	0.0	0.0	0.0	0.0	0.0
sample-16	0.0	0.0	0.0	0.0	0.0	0.0	0.0	0	0.0	0.0	0.0	0.0	0.0	0	0.0	0	0.0	0.0	0.0	0.0	0.0	0	0.0	0.0	11	0	0.0	0.0	0.0	0.0	0.0	0.0	0.0	0.0	0.0	0.0	0	0.0	0.0	0.0	0.0	0.0	0.0	0.0	0.0	0.0	0.0	0.0	0.0	0	0	0.0	0	0.0	0.0	0.0	0	0.0	0	0.0	0.0	0.0	0.0	0.0	0.0	0	0.0	0	0.0	0.0	0.0	0.0	0.0	0.0	0.0	0	1024.0	0.0	0.0	0.0	0.0	0.0	0	0.0	0.0	0.0	0.0	0	0.0	0	0.0	0.0	0	0.0	0.0	0.0	0.0	0.0	0.0	0.0	0.0
sample-17	0.0	0.0	0.0	0.0	0.0	0.0	0.0	0	0.0	0.0	0.0	0.0	0.0	0	0.0	0	0.0	0.0	0.0	0.0	0.0	0	0.0	0.0	0	0	0.0	0.0	0.0	0.0	0.0	0.0	0.0	0.0	0.0	0.0	0	0.0	0.0	0.0	0.0	0.0	0.0	0.0	0.0	0.0	0.0	0.0	0.0	0	0	0.0	0	0.0	0.0	0.0	0	0.0	0	0.0	0.0	0.0	0.0	0.0	0.0	0	0.0	0	0.0	0.0	0.0	0.0	0.0	0.0	0.0	0	0.0	0.0	0.0	0.0	0.0	0.0	0	0.0	0.0	0.0	0.0	0	0.0	0	0.0	0.0	0	0.0	0.0	0.0	0.0	0.0	0.0	0.0	0.0
sample-18	0.0	0.0	0.0	0.0	0.0	0.0	0.0	0	0.0	0.0	0.0	0.0	0.0	0	0.0	0	0.0	0.0	0.0	0.0	0.0	0	0.0	0.0	0	0	0.0	0.0	0.0	0.0	0.0	0.0	0.0	0.0	0.0	0.0	0	0.0	0.0	0.0	0.0	0.0	0.0	0.0	0.0	0.0	0.0	0.0	0.0	0	0	0.0	0	0.0	0.0	0.0	0	0.0	0	0.0	0.0	0.0	0.0	0.0	0.0	0	0.0	0	0.0	0.0	0.0	0.0	0.0	0.0	0.0	0	5053.0	0.0	0.0	0.0	0.0	0.0	0	0.0	0.0	0.0	0.0	0	0.0	0	0.0	0.0	0	0.0	0.0	0.0	0.0	0.0	0.0	0.0	0.0
sample-19	0.0	0.0	0.0	0.0	0.0	0.0	0.0	0	0.0	0.0	0.0	0.0	0.0	0	0.0	0	0.0	0.0	0.0	0.0	0.0	0	0.0	0.0	7	0	0.0	0.0	0.0	0.0	0.0	0.0	0.0	0.0	0.0	0.0	0	0.0	0.0	0.0	0.0	0.0	0.0	0.0	0.0	0.0	0.0	0.0	0.0	0	78	0.0	0	0.0	0.0	0.0	9	0.0	0	0.0	0.0	0.0	0.0	0.0	0.0	0	0.0	0	0.0	0.0	0.0	0.0	0.0	0.0	0.0	0	5124.0	0.0	0.0	0.0	0.0	0.0	0	0.0	0.0	49.0	0.0	6	0.0	0	0.0	0.0	0	0.0	0.0	0.0	0.0	0.0	0.0	0.0	0.0
sample-1	0.0	0.0	0.0	0.0	0.0	0.0	0.0	0	0.0	0.0	0.0	0.0	28.0	0	0.0	10	0.0	0.0	0.0	0.0	0.0	0	0.0	0.0	398	0	0.0	0.0	0.0	0.0	0.0	0.0	4.0	0.0	0.0	0.0	0	0.0	0.0	0.0	0.0	0.0	0.0	0.0	0.0	0.0	0.0	0.0	0.0	0	7	0.0	0	6.0	0.0	0.0	0	0.0	0	0.0	0.0	0.0	0.0	0.0	0.0	6	0.0	0	9.0	0.0	0.0	0.0	0.0	0.0	0.0	0	4970.0	0.0	7.0	0.0	0.0	0.0	29	0.0	0.0	12.0	0.0	0	0.0	0	0.0	0.0	0	0.0	0.0	9.0	0.0	0.0	0.0	0.0	0.0
sample-20	0.0	0.0	0.0	0.0	0.0	0.0	0.0	0	0.0	0.0	0.0	0.0	0.0	0	0.0	0	0.0	0.0	0.0	0.0	0.0	0	0.0	0.0	199	0	0.0	0.0	0.0	0.0	0.0	0.0	0.0	0.0	0.0	0.0	0	0.0	0.0	0.0	0.0	0.0	0.0	0.0	0.0	0.0	0.0	0.0	0.0	0	8	0.0	0	0.0	0.0	0.0	0	3.0	0	0.0	2.0	0.0	0.0	0.0	0.0	0	0.0	0	0.0	0.0	0.0	0.0	0.0	0.0	0.0	0	488.0	0.0	0.0	0.0	0.0	0.0	0	0.0	0.0	4.0	0.0	0	0.0	0	0.0	0.0	0	0.0	0.0	0.0	0.0	0.0	0.0	0.0	0.0
sample-21	0.0	0.0	0.0	0.0	0.0	0.0	0.0	0	0.0	0.0	0.0	0.0	0.0	0	0.0	0	0.0	0.0	12.0	0.0	0.0	0	0.0	0.0	0	0	0.0	0.0	0.0	0.0	0.0	0.0	0.0	0.0	0.0	0.0	0	0.0	0.0	0.0	0.0	0.0	0.0	0.0	0.0	0.0	0.0	0.0	0.0	0	0	0.0	0	0.0	0.0	0.0	14	0.0	0	4.0	0.0	0.0	0.0	0.0	0.0	0	0.0	0	0.0	0.0	0.0	0.0	0.0	0.0	0.0	0	14143.0	0.0	0.0	0.0	0.0	0.0	11	0.0	0.0	0.0	0.0	4	0.0	0	0.0	0.0	0	0.0	0.0	0.0	0.0	0.0	0.0	0.0	0.0
sample-22	0.0	0.0	0.0	0.0	0.0	0.0	0.0	0	0.0	0.0	0.0	0.0	0.0	0	0.0	0	0.0	0.0	0.0	0.0	0.0	0	0.0	0.0	0	0	0.0	0.0	0.0	0.0	0.0	0.0	0.0	0.0	0.0	0.0	12	0.0	0.0	0.0	0.0	0.0	0.0	0.0	0.0	0.0	0.0	0.0	0.0	0	0	0.0	0	0.0	0.0	0.0	0	0.0	0	0.0	0.0	0.0	0.0	0.0	0.0	0	0.0	0	0.0	0.0	0.0	0.0	0.0	0.0	0.0	0	0.0	0.0	0.0	0.0	0.0	0.0	0	0.0	0.0	0.0	0.0	0	0.0	0	0.0	0.0	0	0.0	0.0	0.0	0.0	0.0	0.0	0.0	0.0
sample-23	0.0	0.0	0.0	0.0	0.0	0.0	18.0	0	0.0	0.0	0.0	0.0	0.0	4	0.0	3	0.0	0.0	4.0	0.0	0.0	0	0.0	0.0	200	0	0.0	0.0	0.0	0.0	0.0	0.0	0.0	0.0	0.0	0.0	4	0.0	0.0	0.0	0.0	0.0	0.0	0.0	0.0	7.0	0.0	0.0	0.0	0	153	0.0	0	0.0	95.0	0.0	13	0.0	0	3.0	11.0	0.0	0.0	0.0	0.0	26	0.0	0	0.0	0.0	0.0	0.0	0.0	0.0	0.0	3	7071.0	0.0	4.0	0.0	0.0	0.0	78	0.0	0.0	161.0	0.0	931	0.0	0	0.0	0.0	0	0.0	0.0	25.0	12.0	0.0	0.0	0.0	0.0
sample-24	0.0	0.0	0.0	0.0	0.0	0.0	0.0	0	0.0	0.0	0.0	0.0	35.0	0	0.0	0	0.0	0.0	0.0	0.0	0.0	0	0.0	0.0	0	0	0.0	0.0	0.0	0.0	0.0	0.0	0.0	0.0	0.0	0.0	0	0.0	0.0	0.0	0.0	0.0	0.0	0.0	0.0	0.0	0.0	0.0	0.0	0	0	0.0	0	0.0	0.0	0.0	0	0.0	0	0.0	0.0	0.0	0.0	0.0	0.0	0	0.0	1956	0.0	0.0	0.0	0.0	0.0	0.0	0.0	0	492.0	0.0	0.0	0.0	0.0	0.0	0	0.0	0.0	38.0	0.0	0	0.0	0	0.0	0.0	0	0.0	0.0	37.0	0.0	0.0	0.0	0.0	0.0
sample-25	0.0	3.0	0.0	0.0	0.0	0.0	0.0	0	0.0	0.0	0.0	0.0	0.0	5	0.0	0	0.0	0.0	0.0	0.0	0.0	0	0.0	0.0	593	0	0.0	0.0	0.0	0.0	0.0	0.0	0.0	0.0	0.0	14.0	0	244.0	6.0	0.0	0.0	0.0	0.0	0.0	0.0	0.0	0.0	0.0	0.0	0	0	5.0	0	0.0	0.0	0.0	0	0.0	0	0.0	0.0	0.0	0.0	412.0	0.0	7	0.0	32	525.0	0.0	0.0	0.0	0.0	0.0	0.0	0	15142.0	0.0	9.0	0.0	0.0	0.0	195	0.0	0.0	9.0	0.0	12	0.0	0	0.0	0.0	0	0.0	0.0	5.0	21.0	0.0	0.0	0.0	0.0
sample-26	0.0	0.0	0.0	0.0	0.0	0.0	0.0	0	0.0	0.0	0.0	0.0	0.0	0	36.0	0	4.0	33.0	0.0	0.0	0.0	0	0.0	0.0	11093	0	0.0	0.0	0.0	0.0	0.0	0.0	0.0	0.0	0.0	0.0	6	0.0	0.0	0.0	0.0	0.0	0.0	0.0	0.0	0.0	0.0	0.0	0.0	0	224	0.0	0	5.0	0.0	0.0	82	0.0	0	0.0	133.0	691.0	251.0	0.0	0.0	0	0.0	0	0.0	0.0	0.0	0.0	0.0	0.0	0.0	0	4308.0	0.0	561.0	0.0	0.0	0.0	355	0.0	0.0	1067.0	0.0	4355	0.0	0	0.0	0.0	0	0.0	0.0	953.0	2058.0	0.0	0.0	0.0	0.0
sample-27	0.0	0.0	0.0	0.0	0.0	0.0	0.0	0	0.0	0.0	0.0	0.0	0.0	0	0.0	0	0.0	0.0	0.0	0.0	0.0	0	0.0	0.0	32	0	0.0	0.0	0.0	0.0	0.0	0.0	0.0	0.0	0.0	0.0	2	0.0	0.0	0.0	0.0	0.0	0.0	0.0	0.0	0.0	0.0	0.0	0.0	0	0	0.0	0	0.0	0.0	0.0	0	0.0	0	0.0	0.0	0.0	0.0	0.0	0.0	0	0.0	0	0.0	0.0	0.0	0.0	0.0	0.0	0.0	0	8806.0	0.0	0.0	0.0	0.0	0.0	44	0.0	0.0	0.0	0.0	29	0.0	0	0.0	0.0	0	0.0	0.0	0.0	0.0	0.0	0.0	0.0	0.0
sample-28	0.0	0.0	0.0	0.0	0.0	0.0	0.0	0	0.0	0.0	0.0	3.0	0.0	0	0.0	0	0.0	0.0	0.0	0.0	0.0	0	0.0	0.0	0	0	0.0	0.0	0.0	0.0	0.0	0.0	0.0	0.0	0.0	0.0	0	17.0	0.0	0.0	0.0	0.0	0.0	0.0	16.0	0.0	0.0	0.0	0.0	0	0	0.0	0	0.0	0.0	0.0	0	0.0	0	0.0	0.0	0.0	0.0	0.0	0.0	0	0.0	0	0.0	0.0	0.0	0.0	0.0	0.0	0.0	0	12431.0	0.0	0.0	0.0	0.0	0.0	32	0.0	0.0	0.0	0.0	0	0.0	0	0.0	0.0	7	0.0	0.0	0.0	0.0	0.0	0.0	0.0	0.0
sample-29	0.0	0.0	0.0	0.0	0.0	0.0	0.0	0	0.0	0.0	0.0	0.0	15.0	0	0.0	0	0.0	5.0	0.0	0.0	0.0	0	0.0	0.0	69	0	0.0	0.0	0.0	0.0	0.0	0.0	0.0	0.0	0.0	0.0	12	0.0	0.0	0.0	0.0	0.0	0.0	0.0	0.0	0.0	0.0	0.0	0.0	0	3	0.0	7	0.0	0.0	0.0	0	0.0	0	0.0	0.0	0.0	0.0	0.0	0.0	0	0.0	0	0.0	0.0	0.0	0.0	0.0	0.0	0.0	0	11427.0	0.0	4.0	0.0	0.0	0.0	0	0.0	0.0	25.0	0.0	0	0.0	0	0.0	0.0	0	0.0	0.0	21.0	0.0	0.0	0.0	0.0	0.0
sample-2	5.0	0.0	0.0	0.0	0.0	25.0	0.0	0	16.0	0.0	0.0	0.0	102.0	0	0.0	0	0.0	5.0	0.0	0.0	0.0	0	0.0	0.0	456	0	0.0	0.0	0.0	0.0	0.0	0.0	0.0	10.0	0.0	0.0	2	0.0	0.0	0.0	0.0	0.0	0.0	0.0	4.0	0.0	0.0	0.0	6.0	0	10	24.0	0	0.0	0.0	0.0	0	0.0	27	0.0	6.0	15.0	0.0	0.0	0.0	5	0.0	0	0.0	3.0	0.0	0.0	0.0	0.0	7.0	0	15505.0	0.0	15.0	10.0	0.0	7.0	336	0.0	0.0	134.0	12.0	636	0.0	0	272.0	0.0	9	6.0	0.0	102.0	52.0	0.0	0.0	0.0	0.0
sample-30	0.0	0.0	0.0	0.0	0.0	0.0	0.0	0	0.0	0.0	0.0	0.0	0.0	14	0.0	0	0.0	0.0	0.0	3.0	0.0	0	0.0	0.0	253	0	0.0	0.0	0.0	0.0	0.0	0.0	0.0	0.0	0.0	0.0	24	0.0	0.0	0.0	0.0	0.0	0.0	30.0	0.0	0.0	4.0	0.0	0.0	0	22	0.0	0	0.0	0.0	0.0	0	0.0	0	0.0	0.0	0.0	0.0	0.0	0.0	0	0.0	129	0.0	0.0	0.0	0.0	0.0	0.0	0.0	0	12127.0	0.0	10.0	0.0	14.0	0.0	79	0.0	0.0	42.0	0.0	94	0.0	0	0.0	0.0	0	0.0	0.0	17.0	41.0	0.0	0.0	0.0	0.0
sample-31	0.0	0.0	0.0	0.0	0.0	0.0	0.0	0	0.0	0.0	0.0	0.0	0.0	0	0.0	0	0.0	0.0	0.0	0.0	0.0	0	0.0	0.0	12	0	0.0	0.0	0.0	0.0	0.0	0.0	0.0	0.0	0.0	0.0	0	0.0	0.0	0.0	0.0	0.0	0.0	0.0	0.0	0.0	0.0	0.0	0.0	0	0	0.0	0	0.0	0.0	0.0	0	0.0	0	0.0	0.0	0.0	0.0	19.0	0.0	0	0.0	0	0.0	0.0	0.0	0.0	0.0	0.0	0.0	0	2393.0	0.0	10.0	0.0	0.0	0.0	0	0.0	0.0	0.0	0.0	33	0.0	0	0.0	0.0	0	0.0	0.0	0.0	0.0	0.0	0.0	0.0	0.0
sample-32	0.0	0.0	0.0	0.0	0.0	0.0	0.0	0	0.0	0.0	0.0	0.0	0.0	0	0.0	0	0.0	0.0	0.0	0.0	0.0	0	0.0	0.0	78	0	0.0	0.0	0.0	0.0	0.0	0.0	0.0	0.0	0.0	0.0	8	0.0	0.0	0.0	0.0	0.0	0.0	0.0	0.0	0.0	0.0	0.0	0.0	0	0	0.0	0	98.0	0.0	0.0	0	0.0	17	0.0	0.0	13.0	0.0	0.0	0.0	0	0.0	0	0.0	0.0	0.0	0.0	0.0	0.0	0.0	0	13340.0	203.0	19.0	0.0	0.0	0.0	9	0.0	0.0	0.0	0.0	54	0.0	0	0.0	0.0	0	0.0	0.0	0.0	0.0	0.0	0.0	0.0	0.0
sample-33	0.0	0.0	0.0	2.0	0.0	0.0	0.0	0	4.0	7.0	0.0	0.0	123.0	77	0.0	0	0.0	0.0	0.0	0.0	0.0	0	5.0	0.0	1709	0	0.0	0.0	0.0	0.0	0.0	0.0	0.0	0.0	0.0	0.0	27	0.0	0.0	4.0	0.0	0.0	0.0	0.0	0.0	0.0	0.0	0.0	0.0	0	8	0.0	0	0.0	0.0	0.0	10	13.0	0	0.0	6.0	0.0	96.0	37.0	27.0	9	0.0	6714	0.0	0.0	0.0	0.0	0.0	0.0	0.0	0	16043.0	0.0	102.0	0.0	0.0	0.0	6	0.0	9.0	103.0	0.0	712	0.0	0	0.0	0.0	0	0.0	0.0	82.0	0.0	0.0	0.0	0.0	0.0
sample-34	0.0	0.0	0.0	0.0	0.0	0.0	89.0	0	0.0	0.0	0.0	0.0	0.0	0	0.0	0	0.0	40.0	0.0	0.0	0.0	0	0.0	0.0	0	0	0.0	0.0	0.0	0.0	0.0	0.0	0.0	0.0	0.0	0.0	9	0.0	0.0	0.0	0.0	0.0	0.0	0.0	0.0	0.0	29.0	0.0	0.0	0	0	0.0	0	0.0	0.0	0.0	0	0.0	0	0.0	0.0	0.0	0.0	0.0	0.0	0	0.0	532	0.0	0.0	0.0	0.0	0.0	0.0	0.0	0	33272.0	0.0	16.0	0.0	0.0	0.0	0	0.0	0.0	0.0	0.0	307	0.0	0	0.0	0.0	0	0.0	0.0	0.0	0.0	0.0	0.0	0.0	0.0
sample-35	0.0	0.0	0.0	0.0	0.0	0.0	0.0	0	0.0	0.0	0.0	0.0	0.0	0	0.0	0	0.0	6.0	0.0	0.0	0.0	0	0.0	0.0	1409	0	0.0	0.0	0.0	0.0	0.0	0.0	0.0	0.0	0.0	0.0	0	0.0	0.0	0.0	0.0	0.0	0.0	0.0	0.0	0.0	0.0	0.0	0.0	0	3	0.0	0	0.0	0.0	0.0	0	0.0	0	0.0	0.0	0.0	0.0	0.0	0.0	0	0.0	0	0.0	0.0	0.0	0.0	0.0	0.0	0.0	0	4455.0	0.0	15.0	0.0	0.0	0.0	0	0.0	0.0	4.0	5.0	31	0.0	0	0.0	0.0	0	0.0	0.0	5.0	0.0	0.0	0.0	0.0	0.0
sample-36	0.0	0.0	0.0	0.0	0.0	0.0	0.0	0	0.0	0.0	0.0	0.0	93.0	0	0.0	0	0.0	6.0	0.0	2.0	0.0	0	0.0	0.0	95	0	0.0	0.0	0.0	0.0	0.0	0.0	0.0	0.0	0.0	0.0	15	0.0	0.0	0.0	0.0	11.0	0.0	0.0	0.0	0.0	0.0	0.0	0.0	0	7	0.0	12	0.0	6.0	0.0	58	0.0	0	0.0	5.0	0.0	0.0	0.0	0.0	0	0.0	0	0.0	0.0	0.0	0.0	0.0	0.0	0.0	0	17688.0	0.0	5.0	0.0	0.0	0.0	9	0.0	0.0	17.0	0.0	180	0.0	0	0.0	0.0	0	0.0	0.0	3.0	0.0	0.0	0.0	0.0	0.0
sample-37	0.0	0.0	0.0	0.0	0.0	0.0	0.0	73	0.0	0.0	0.0	0.0	0.0	0	0.0	0	0.0	0.0	0.0	0.0	0.0	0	0.0	0.0	2550	3	0.0	0.0	0.0	0.0	0.0	0.0	0.0	0.0	0.0	0.0	0	0.0	0.0	0.0	0.0	0.0	0.0	0.0	0.0	0.0	0.0	0.0	0.0	0	0	0.0	0	0.0	0.0	0.0	0	22.0	0	0.0	25.0	0.0	0.0	0.0	0.0	0	0.0	12	10.0	0.0	0.0	0.0	0.0	0.0	0.0	0	20015.0	0.0	104.0	0.0	0.0	0.0	62	0.0	0.0	9.0	0.0	171	0.0	0	0.0	0.0	0	0.0	0.0	10.0	0.0	0.0	0.0	0.0	0.0
sample-38	0.0	0.0	0.0	0.0	0.0	0.0	0.0	0	0.0	0.0	0.0	0.0	0.0	0	0.0	0	0.0	0.0	0.0	0.0	0.0	0	0.0	0.0	11	0	0.0	0.0	0.0	0.0	0.0	0.0	0.0	0.0	0.0	0.0	0	0.0	0.0	0.0	0.0	0.0	0.0	0.0	0.0	0.0	0.0	0.0	0.0	0	0	0.0	0	0.0	0.0	0.0	0	0.0	0	0.0	0.0	0.0	0.0	0.0	0.0	0	0.0	0	0.0	0.0	0.0	0.0	0.0	0.0	0.0	0	55.0	0.0	0.0	0.0	0.0	0.0	0	0.0	0.0	0.0	0.0	23	0.0	0	0.0	0.0	0	0.0	0.0	0.0	0.0	0.0	0.0	0.0	0.0
sample-39	0.0	0.0	0.0	0.0	0.0	0.0	0.0	0	0.0	0.0	0.0	0.0	0.0	0	0.0	0	0.0	0.0	0.0	0.0	0.0	0	0.0	0.0	9	0	0.0	0.0	0.0	0.0	0.0	0.0	0.0	0.0	0.0	0.0	10	0.0	0.0	0.0	0.0	0.0	0.0	0.0	0.0	0.0	0.0	0.0	0.0	0	0	1.0	0	0.0	0.0	0.0	32	0.0	0	0.0	0.0	0.0	0.0	0.0	0.0	0	0.0	0	0.0	0.0	0.0	0.0	0.0	0.0	0.0	0	420.0	0.0	5.0	0.0	0.0	0.0	0	0.0	0.0	0.0	0.0	47	0.0	0	0.0	0.0	0	0.0	0.0	0.0	0.0	0.0	0.0	0.0	0.0
sample-3	0.0	0.0	0.0	0.0	0.0	0.0	0.0	0	0.0	0.0	0.0	0.0	0.0	41	0.0	0	0.0	0.0	0.0	0.0	0.0	0	0.0	0.0	37	0	0.0	0.0	0.0	0.0	0.0	0.0	0.0	0.0	0.0	0.0	0	0.0	0.0	0.0	0.0	0.0	0.0	0.0	0.0	0.0	0.0	0.0	0.0	0	0	0.0	0	0.0	0.0	0.0	0	0.0	0	0.0	0.0	0.0	0.0	0.0	0.0	0	0.0	0	0.0	0.0	0.0	0.0	0.0	0.0	0.0	0	74.0	0.0	0.0	0.0	0.0	0.0	0	0.0	0.0	0.0	0.0	0	0.0	0	2.0	0.0	0	0.0	0.0	0.0	0.0	0.0	0.0	0.0	0.0
sample-40	0.0	0.0	0.0	0.0	0.0	0.0	0.0	0	0.0	0.0	0.0	0.0	0.0	0	0.0	0	0.0	0.0	0.0	0.0	0.0	0	0.0	0.0	6	0	0.0	0.0	0.0	0.0	0.0	0.0	0.0	0.0	0.0	0.0	0	0.0	0.0	0.0	0.0	0.0	0.0	0.0	0.0	0.0	0.0	0.0	0.0	0	0	0.0	0	0.0	0.0	0.0	0	2.0	0	0.0	0.0	0.0	0.0	0.0	0.0	0	0.0	0	0.0	0.0	0.0	0.0	0.0	0.0	0.0	0	680.0	0.0	0.0	0.0	0.0	0.0	0	0.0	0.0	0.0	0.0	4	0.0	0	0.0	0.0	0	0.0	0.0	0.0	0.0	0.0	0.0	0.0	0.0
sample-41	0.0	0.0	0.0	0.0	0.0	0.0	0.0	9	0.0	0.0	0.0	0.0	97.0	0	0.0	0	0.0	0.0	0.0	0.0	0.0	0	0.0	0.0	783	0	0.0	0.0	0.0	0.0	0.0	0.0	0.0	0.0	0.0	0.0	2	0.0	0.0	0.0	0.0	0.0	0.0	0.0	16.0	0.0	0.0	0.0	0.0	0	33	14.0	0	0.0	0.0	0.0	0	12.0	0	0.0	0.0	0.0	48.0	2.0	0.0	5	0.0	0	0.0	0.0	0.0	0.0	0.0	0.0	0.0	0	11212.0	0.0	82.0	0.0	0.0	0.0	13	0.0	0.0	68.0	0.0	89	0.0	14	48.0	0.0	0	0.0	0.0	31.0	68.0	0.0	0.0	0.0	0.0
sample-42	0.0	0.0	0.0	0.0	0.0	0.0	0.0	0	0.0	0.0	0.0	0.0	0.0	0	0.0	0	0.0	0.0	0.0	0.0	0.0	0	0.0	0.0	0	0	0.0	0.0	0.0	0.0	0.0	0.0	0.0	0.0	0.0	0.0	0	0.0	0.0	0.0	0.0	0.0	0.0	0.0	0.0	0.0	0.0	0.0	0.0	0	0	0.0	0	0.0	0.0	0.0	0	0.0	0	0.0	0.0	0.0	0.0	0.0	0.0	0	0.0	0	0.0	0.0	0.0	0.0	0.0	0.0	0.0	0	3162.0	0.0	0.0	0.0	0.0	0.0	0	0.0	0.0	0.0	0.0	0	0.0	0	0.0	0.0	0	0.0	0.0	0.0	0.0	0.0	0.0	0.0	0.0
sample-43	0.0	0.0	0.0	0.0	0.0	0.0	0.0	0	0.0	0.0	0.0	0.0	0.0	0	0.0	0	0.0	0.0	0.0	0.0	0.0	0	0.0	0.0	7	0	0.0	0.0	0.0	0.0	0.0	0.0	0.0	0.0	0.0	0.0	3	0.0	0.0	0.0	0.0	0.0	0.0	0.0	0.0	0.0	0.0	0.0	0.0	0	0	0.0	0	0.0	0.0	0.0	0	0.0	0	0.0	0.0	0.0	0.0	0.0	0.0	0	0.0	0	0.0	0.0	0.0	0.0	0.0	0.0	0.0	0	4393.0	0.0	0.0	0.0	0.0	0.0	100	0.0	0.0	0.0	0.0	0	0.0	0	0.0	0.0	0	0.0	0.0	0.0	0.0	0.0	0.0	0.0	0.0
sample-44	0.0	0.0	0.0	0.0	0.0	0.0	0.0	0	0.0	0.0	0.0	0.0	0.0	0	0.0	0	0.0	0.0	0.0	0.0	0.0	0	0.0	0.0	0	0	0.0	0.0	0.0	0.0	0.0	0.0	0.0	0.0	0.0	0.0	0	0.0	0.0	0.0	0.0	0.0	0.0	0.0	0.0	0.0	0.0	0.0	0.0	0	0	0.0	0	0.0	0.0	0.0	0	0.0	0	0.0	0.0	0.0	0.0	0.0	0.0	0	0.0	0	0.0	0.0	7.0	0.0	0.0	0.0	0.0	0	32273.0	0.0	0.0	0.0	0.0	0.0	41	0.0	0.0	21.0	0.0	106	0.0	0	0.0	0.0	0	0.0	0.0	20.0	0.0	0.0	0.0	0.0	0.0
sample-45	0.0	0.0	0.0	0.0	0.0	0.0	0.0	0	0.0	0.0	0.0	0.0	0.0	0	0.0	0	0.0	0.0	0.0	0.0	0.0	0	0.0	0.0	3	0	0.0	0.0	0.0	0.0	0.0	0.0	0.0	0.0	0.0	0.0	5	0.0	0.0	0.0	0.0	0.0	0.0	0.0	0.0	0.0	0.0	0.0	0.0	0	0	0.0	0	0.0	0.0	0.0	11	0.0	0	0.0	0.0	0.0	0.0	0.0	0.0	0	0.0	0	0.0	0.0	0.0	0.0	0.0	0.0	0.0	0	28.0	0.0	0.0	0.0	0.0	0.0	0	0.0	0.0	0.0	0.0	0	0.0	0	0.0	0.0	0	0.0	0.0	0.0	0.0	0.0	0.0	0.0	0.0
sample-46	0.0	0.0	0.0	0.0	0.0	0.0	0.0	0	0.0	0.0	0.0	0.0	0.0	0	0.0	0	0.0	0.0	0.0	0.0	0.0	0	0.0	0.0	95	0	0.0	0.0	0.0	0.0	0.0	0.0	0.0	0.0	0.0	0.0	0	0.0	0.0	0.0	0.0	0.0	0.0	0.0	0.0	0.0	0.0	0.0	0.0	0	0	0.0	0	0.0	0.0	0.0	0	20.0	0	0.0	0.0	0.0	0.0	0.0	0.0	0	0.0	0	0.0	0.0	0.0	0.0	0.0	0.0	0.0	0	7459.0	0.0	4.0	0.0	0.0	0.0	0	0.0	0.0	0.0	0.0	193	0.0	0	0.0	0.0	0	0.0	0.0	0.0	0.0	0.0	0.0	0.0	0.0
sample-47	0.0	0.0	0.0	0.0	0.0	0.0	0.0	0	46.0	0.0	0.0	0.0	0.0	0	0.0	0	0.0	0.0	0.0	0.0	0.0	0	0.0	0.0	76	0	0.0	0.0	0.0	0.0	0.0	0.0	0.0	0.0	0.0	0.0	28	0.0	0.0	0.0	0.0	0.0	0.0	0.0	0.0	0.0	0.0	0.0	0.0	0	0	0.0	0	0.0	0.0	0.0	462	0.0	0	0.0	0.0	0.0	0.0	0.0	0.0	0	0.0	0	0.0	0.0	0.0	0.0	0.0	0.0	0.0	0	31218.0	0.0	17.0	0.0	0.0	0.0	143	0.0	0.0	28.0	0.0	506	0.0	0	0.0	0.0	0	0.0	0.0	0.0	0.0	0.0	0.0	0.0	0.0
sample-48	0.0	0.0	0.0	0.0	0.0	0.0	0.0	0	0.0	0.0	0.0	0.0	0.0	0	0.0	0	0.0	0.0	0.0	0.0	0.0	0	0.0	0.0	284	0	0.0	0.0	0.0	0.0	0.0	0.0	0.0	0.0	0.0	0.0	32	0.0	0.0	0.0	0.0	0.0	0.0	0.0	0.0	0.0	0.0	0.0	0.0	0	23	0.0	0	0.0	0.0	0.0	84	0.0	0	0.0	0.0	0.0	0.0	0.0	0.0	0	0.0	0	0.0	0.0	0.0	0.0	0.0	0.0	0.0	0	21112.0	3.0	14.0	0.0	0.0	0.0	204	0.0	0.0	85.0	0.0	435	0.0	0	0.0	0.0	0	0.0	0.0	67.0	0.0	0.0	0.0	0.0	0.0
sample-49	0.0	0.0	0.0	0.0	0.0	0.0	0.0	0	0.0	0.0	0.0	0.0	212.0	0	0.0	0	0.0	0.0	0.0	6.0	0.0	0	0.0	0.0	433	0	0.0	0.0	0.0	0.0	5.0	0.0	0.0	0.0	5.0	0.0	127	0.0	0.0	0.0	0.0	0.0	0.0	0.0	0.0	0.0	0.0	0.0	0.0	0	154	0.0	0	0.0	0.0	0.0	88	4.0	0	5.0	0.0	21.0	0.0	0.0	0.0	0	0.0	0	0.0	0.0	0.0	0.0	0.0	0.0	0.0	0	824.0	0.0	7.0	0.0	0.0	0.0	0	0.0	0.0	145.0	0.0	54	5.0	0	0.0	0.0	10	0.0	0.0	36.0	0.0	0.0	0.0	0.0	0.0
sample-4	0.0	0.0	0.0	0.0	0.0	0.0	0.0	0	0.0	0.0	0.0	0.0	0.0	0	0.0	0	0.0	0.0	0.0	0.0	0.0	0	0.0	0.0	10	0	0.0	0.0	0.0	57.0	0.0	0.0	0.0	0.0	0.0	0.0	0	0.0	0.0	0.0	0.0	0.0	0.0	0.0	0.0	0.0	0.0	0.0	0.0	0	0	0.0	0	0.0	0.0	0.0	0	0.0	0	0.0	0.0	0.0	3.0	0.0	0.0	0	0.0	0	0.0	0.0	0.0	0.0	0.0	0.0	0.0	0	0.0	0.0	0.0	0.0	0.0	0.0	4	0.0	0.0	18.0	0.0	17	0.0	0	0.0	0.0	0	0.0	0.0	13.0	0.0	0.0	0.0	0.0	0.0
sample-50	0.0	0.0	0.0	0.0	0.0	0.0	0.0	0	0.0	0.0	0.0	0.0	0.0	0	0.0	0	0.0	0.0	0.0	0.0	0.0	0	0.0	0.0	290	0	0.0	7.0	0.0	0.0	0.0	24.0	0.0	0.0	0.0	0.0	28	0.0	0.0	0.0	13.0	0.0	0.0	0.0	0.0	4.0	0.0	0.0	0.0	0	3	0.0	0	0.0	0.0	0.0	29	0.0	0	0.0	0.0	10.0	0.0	0.0	0.0	0	0.0	0	0.0	0.0	4.0	0.0	16.0	0.0	0.0	0	24619.0	0.0	29.0	0.0	0.0	0.0	94	2.0	0.0	7.0	0.0	336	0.0	30	0.0	0.0	0	0.0	0.0	16.0	38.0	0.0	0.0	0.0	0.0
sample-51	0.0	0.0	0.0	0.0	0.0	0.0	0.0	0	0.0	0.0	0.0	0.0	0.0	0	0.0	0	0.0	0.0	0.0	0.0	0.0	0	0.0	0.0	0	0	0.0	0.0	0.0	0.0	0.0	0.0	0.0	0.0	0.0	0.0	4	0.0	0.0	0.0	0.0	0.0	0.0	0.0	0.0	0.0	0.0	0.0	0.0	0	0	0.0	0	0.0	0.0	0.0	0	0.0	0	0.0	0.0	0.0	0.0	0.0	0.0	0	0.0	0	0.0	0.0	0.0	0.0	0.0	0.0	0.0	0	12860.0	0.0	0.0	0.0	0.0	0.0	6	0.0	0.0	0.0	0.0	21	0.0	0	0.0	0.0	0	0.0	0.0	0.0	0.0	0.0	0.0	0.0	0.0
sample-52	0.0	0.0	0.0	0.0	0.0	0.0	0.0	0	0.0	0.0	0.0	0.0	0.0	0	0.0	0	0.0	0.0	0.0	0.0	0.0	0	0.0	0.0	0	0	0.0	0.0	0.0	0.0	0.0	0.0	0.0	0.0	0.0	0.0	0	0.0	0.0	0.0	0.0	0.0	0.0	0.0	0.0	0.0	0.0	0.0	0.0	0	0	0.0	0	0.0	0.0	0.0	0	0.0	0	0.0	0.0	0.0	0.0	0.0	0.0	0	0.0	0	0.0	0.0	0.0	0.0	0.0	0.0	0.0	0	27506.0	0.0	0.0	0.0	0.0	0.0	0	0.0	0.0	0.0	0.0	0	0.0	0	0.0	0.0	0	0.0	0.0	0.0	0.0	0.0	0.0	0.0	0.0
sample-53	0.0	0.0	0.0	0.0	0.0	0.0	0.0	0	0.0	0.0	0.0	0.0	0.0	0	0.0	0	0.0	0.0	0.0	0.0	0.0	0	0.0	0.0	0	0	0.0	0.0	0.0	0.0	0.0	0.0	0.0	0.0	0.0	0.0	0	0.0	0.0	0.0	0.0	0.0	0.0	0.0	0.0	0.0	0.0	0.0	0.0	0	0	0.0	0	0.0	0.0	0.0	0	0.0	0	0.0	0.0	0.0	0.0	0.0	0.0	0	0.0	0	0.0	0.0	0.0	0.0	0.0	0.0	0.0	0	35197.0	0.0	0.0	0.0	0.0	0.0	0	0.0	0.0	0.0	0.0	3	0.0	0	0.0	0.0	0	0.0	0.0	0.0	0.0	0.0	0.0	0.0	0.0
sample-54	0.0	0.0	0.0	0.0	0.0	0.0	0.0	0	0.0	0.0	0.0	0.0	31.0	0	0.0	0	0.0	0.0	0.0	0.0	0.0	0	0.0	0.0	3	0	0.0	0.0	0.0	0.0	0.0	0.0	0.0	0.0	0.0	0.0	0	0.0	0.0	0.0	0.0	0.0	0.0	0.0	0.0	0.0	0.0	0.0	0.0	0	0	0.0	0	0.0	0.0	0.0	0	0.0	0	0.0	0.0	0.0	0.0	0.0	0.0	0	0.0	0	0.0	0.0	0.0	0.0	0.0	0.0	0.0	0	2154.0	0.0	0.0	0.0	0.0	0.0	0	0.0	0.0	10.0	0.0	50	0.0	0	0.0	5.0	0	0.0	0.0	0.0	0.0	0.0	0.0	0.0	0.0
sample-55	0.0	0.0	0.0	0.0	0.0	0.0	0.0	0	0.0	0.0	0.0	0.0	0.0	0	0.0	0	0.0	0.0	0.0	0.0	0.0	0	0.0	0.0	0	0	0.0	0.0	0.0	0.0	0.0	0.0	0.0	0.0	0.0	0.0	0	0.0	0.0	0.0	0.0	0.0	0.0	0.0	0.0	0.0	0.0	0.0	0.0	0	0	0.0	0	0.0	0.0	0.0	0	0.0	0	0.0	0.0	0.0	0.0	0.0	0.0	0	0.0	0	0.0	0.0	0.0	0.0	0.0	0.0	0.0	0	1682.0	0.0	0.0	0.0	0.0	0.0	0	0.0	0.0	0.0	0.0	0	0.0	0	0.0	0.0	0	0.0	0.0	0.0	0.0	0.0	0.0	0.0	0.0
sample-56	0.0	0.0	0.0	0.0	0.0	0.0	0.0	0	0.0	0.0	0.0	0.0	0.0	0	0.0	0	0.0	0.0	0.0	68.0	0.0	0	0.0	0.0	4	0	0.0	0.0	0.0	0.0	0.0	0.0	0.0	0.0	0.0	0.0	0	0.0	0.0	0.0	0.0	0.0	0.0	0.0	0.0	0.0	0.0	0.0	0.0	0	0	0.0	0	0.0	0.0	0.0	3	0.0	0	0.0	0.0	0.0	3.0	0.0	0.0	0	0.0	0	0.0	0.0	0.0	0.0	0.0	7.0	0.0	0	8032.0	0.0	0.0	0.0	0.0	0.0	0	0.0	0.0	0.0	0.0	21	0.0	0	0.0	0.0	0	0.0	0.0	0.0	0.0	0.0	0.0	0.0	0.0
sample-57	0.0	0.0	0.0	0.0	0.0	0.0	0.0	0	2.0	0.0	0.0	0.0	0.0	0	0.0	0	0.0	0.0	0.0	0.0	0.0	0	0.0	0.0	6	0	0.0	0.0	0.0	0.0	0.0	0.0	0.0	0.0	0.0	0.0	0	0.0	0.0	0.0	0.0	0.0	0.0	0.0	0.0	0.0	0.0	0.0	0.0	0	0	0.0	0	0.0	0.0	0.0	0	0.0	0	0.0	0.0	0.0	0.0	0.0	0.0	0	0.0	0	0.0	0.0	0.0	0.0	0.0	0.0	0.0	0	2440.0	0.0	0.0	0.0	0.0	0.0	0	0.0	0.0	0.0	0.0	16	0.0	0	0.0	0.0	0	0.0	0.0	0.0	0.0	0.0	0.0	0.0	0.0
sample-58	0.0	0.0	0.0	0.0	0.0	0.0	0.0	0	0.0	0.0	0.0	0.0	0.0	0	0.0	0	0.0	0.0	0.0	0.0	0.0	0	0.0	0.0	1111	0	0.0	0.0	0.0	0.0	0.0	0.0	0.0	0.0	0.0	0.0	0	0.0	0.0	0.0	0.0	0.0	0.0	0.0	0.0	0.0	0.0	0.0	0.0	0	0	0.0	0	0.0	0.0	0.0	0	0.0	0	0.0	0.0	0.0	0.0	0.0	0.0	0	0.0	0	0.0	0.0	0.0	0.0	0.0	0.0	0.0	0	13398.0	0.0	0.0	0.0	0.0	0.0	0	0.0	0.0	0.0	0.0	92	0.0	0	0.0	0.0	0	0.0	0.0	0.0	0.0	0.0	0.0	0.0	0.0
sample-59	0.0	0.0	0.0	0.0	0.0	0.0	0.0	0	0.0	0.0	0.0	0.0	0.0	0	0.0	0	0.0	0.0	0.0	0.0	8.0	0	0.0	0.0	1588	0	0.0	0.0	0.0	0.0	17.0	0.0	0.0	0.0	0.0	0.0	0	0.0	0.0	0.0	0.0	0.0	0.0	0.0	746.0	0.0	7.0	0.0	0.0	0	0	0.0	0	0.0	0.0	0.0	63	24.0	0	0.0	0.0	0.0	0.0	0.0	0.0	0	0.0	0	11.0	0.0	0.0	241.0	0.0	0.0	0.0	0	15517.0	0.0	0.0	0.0	0.0	0.0	132	0.0	0.0	0.0	0.0	155	0.0	0	0.0	0.0	0	0.0	11.0	0.0	0.0	0.0	36.0	0.0	0.0
sample-5	0.0	0.0	0.0	0.0	0.0	0.0	0.0	0	0.0	0.0	0.0	0.0	0.0	0	0.0	0	0.0	0.0	0.0	0.0	0.0	0	0.0	0.0	17	0	0.0	0.0	0.0	0.0	0.0	0.0	0.0	0.0	0.0	0.0	0	0.0	0.0	0.0	0.0	0.0	0.0	0.0	0.0	0.0	0.0	0.0	0.0	0	0	0.0	0	0.0	0.0	0.0	0	0.0	0	0.0	0.0	0.0	0.0	0.0	0.0	0	0.0	0	0.0	0.0	0.0	0.0	0.0	0.0	0.0	0	3490.0	0.0	0.0	0.0	0.0	0.0	22	0.0	0.0	0.0	0.0	6	0.0	0	0.0	0.0	0	0.0	0.0	0.0	0.0	0.0	0.0	0.0	0.0
sample-60	0.0	0.0	0.0	0.0	0.0	0.0	0.0	0	0.0	0.0	2.0	0.0	0.0	0	0.0	0	0.0	0.0	0.0	0.0	0.0	0	0.0	0.0	32	0	0.0	0.0	0.0	0.0	0.0	0.0	0.0	0.0	0.0	0.0	0	0.0	0.0	0.0	0.0	0.0	0.0	0.0	0.0	0.0	0.0	0.0	0.0	0	0	0.0	0	0.0	0.0	0.0	0	0.0	0	0.0	0.0	0.0	0.0	0.0	0.0	0	0.0	0	0.0	0.0	0.0	0.0	0.0	0.0	0.0	0	876.0	0.0	0.0	0.0	0.0	0.0	0	0.0	0.0	0.0	0.0	13	0.0	0	0.0	0.0	0	0.0	0.0	0.0	0.0	0.0	0.0	0.0	0.0
sample-61	0.0	0.0	0.0	0.0	0.0	0.0	0.0	0	0.0	0.0	0.0	0.0	0.0	0	0.0	0	0.0	0.0	0.0	0.0	0.0	0	0.0	0.0	2	0	0.0	0.0	0.0	0.0	0.0	0.0	0.0	0.0	0.0	0.0	3	0.0	0.0	0.0	0.0	0.0	0.0	0.0	0.0	0.0	0.0	0.0	0.0	0	0	0.0	0	0.0	0.0	0.0	0	0.0	0	0.0	0.0	0.0	0.0	0.0	0.0	0	0.0	0	0.0	0.0	0.0	0.0	0.0	0.0	0.0	0	9556.0	0.0	0.0	0.0	0.0	0.0	54	0.0	0.0	0.0	0.0	0	0.0	0	0.0	0.0	0	0.0	0.0	0.0	0.0	0.0	0.0	0.0	0.0
sample-62	0.0	0.0	0.0	0.0	0.0	0.0	0.0	249	0.0	0.0	0.0	0.0	244.0	0	0.0	0	0.0	0.0	0.0	0.0	0.0	7	0.0	0.0	561	278	3.0	0.0	0.0	0.0	0.0	0.0	0.0	0.0	0.0	0.0	0	0.0	0.0	0.0	0.0	0.0	0.0	0.0	0.0	0.0	0.0	0.0	0.0	0	0	0.0	0	0.0	0.0	0.0	0	6.0	0	0.0	0.0	0.0	0.0	0.0	0.0	140	0.0	0	0.0	0.0	0.0	0.0	0.0	0.0	0.0	0	11114.0	0.0	0.0	0.0	0.0	0.0	6	0.0	0.0	3.0	0.0	46	0.0	0	0.0	0.0	0	0.0	0.0	0.0	0.0	0.0	0.0	0.0	0.0
sample-63	0.0	0.0	0.0	0.0	0.0	0.0	0.0	0	0.0	0.0	0.0	0.0	0.0	0	0.0	0	0.0	0.0	0.0	0.0	0.0	0	0.0	0.0	12	0	0.0	0.0	4.0	0.0	0.0	0.0	0.0	0.0	0.0	0.0	0	0.0	0.0	0.0	0.0	0.0	0.0	0.0	0.0	0.0	0.0	0.0	0.0	0	0	0.0	0	0.0	0.0	0.0	0	0.0	0	5.0	0.0	0.0	0.0	0.0	0.0	0	0.0	0	0.0	0.0	0.0	0.0	0.0	0.0	0.0	0	30354.0	0.0	0.0	0.0	0.0	0.0	4	0.0	0.0	0.0	0.0	2	0.0	0	0.0	0.0	0	0.0	0.0	0.0	0.0	0.0	0.0	0.0	0.0
sample-64	0.0	0.0	0.0	0.0	0.0	0.0	0.0	14	0.0	0.0	0.0	0.0	32.0	0	0.0	0	0.0	0.0	0.0	0.0	0.0	0	0.0	0.0	0	0	0.0	0.0	0.0	0.0	0.0	0.0	0.0	0.0	0.0	0.0	0	0.0	0.0	0.0	0.0	0.0	0.0	0.0	0.0	0.0	0.0	0.0	0.0	0	0	0.0	0	0.0	0.0	0.0	0	0.0	0	0.0	0.0	0.0	0.0	0.0	0.0	0	0.0	0	0.0	0.0	0.0	0.0	0.0	0.0	0.0	0	1740.0	0.0	0.0	0.0	0.0	0.0	0	0.0	0.0	0.0	0.0	0	0.0	0	0.0	0.0	0	0.0	0.0	0.0	0.0	5.0	0.0	0.0	0.0
sample-6	0.0	0.0	0.0	0.0	0.0	0.0	0.0	0	0.0	0.0	0.0	0.0	0.0	0	0.0	0	0.0	0.0	0.0	0.0	0.0	0	0.0	0.0	322	0	0.0	0.0	0.0	0.0	0.0	0.0	0.0	0.0	0.0	0.0	7	0.0	0.0	0.0	0.0	0.0	0.0	0.0	16.0	0.0	0.0	0.0	0.0	5	0	0.0	0	0.0	0.0	4.0	0	0.0	0	0.0	0.0	0.0	0.0	0.0	0.0	0	0.0	0	0.0	0.0	0.0	0.0	0.0	0.0	0.0	0	21413.0	0.0	0.0	0.0	0.0	0.0	63	0.0	0.0	163.0	0.0	200	0.0	0	0.0	0.0	0	0.0	0.0	138.0	182.0	0.0	0.0	0.0	0.0
sample-7	0.0	0.0	0.0	0.0	0.0	0.0	0.0	0	0.0	0.0	0.0	0.0	0.0	0	0.0	0	0.0	0.0	0.0	3.0	0.0	0	0.0	0.0	1100	0	0.0	0.0	0.0	0.0	0.0	0.0	0.0	0.0	0.0	0.0	0	391.0	0.0	0.0	0.0	0.0	5.0	0.0	0.0	0.0	0.0	0.0	0.0	2	37	0.0	0	0.0	0.0	0.0	20	0.0	0	0.0	13.0	82.0	0.0	0.0	0.0	23	0.0	3	0.0	0.0	0.0	0.0	0.0	0.0	0.0	0	22281.0	0.0	125.0	0.0	0.0	0.0	97	0.0	0.0	200.0	0.0	205	0.0	0	0.0	0.0	0	0.0	0.0	125.0	147.0	0.0	0.0	6.0	0.0
sample-8	0.0	0.0	0.0	0.0	0.0	0.0	0.0	0	0.0	0.0	0.0	0.0	0.0	0	0.0	0	0.0	0.0	0.0	0.0	0.0	0	0.0	0.0	23	0	0.0	0.0	0.0	0.0	0.0	0.0	0.0	0.0	0.0	0.0	0	0.0	0.0	0.0	0.0	0.0	0.0	0.0	0.0	0.0	0.0	0.0	0.0	0	0	0.0	0	0.0	0.0	0.0	0	0.0	0	0.0	0.0	0.0	0.0	0.0	0.0	0	0.0	0	0.0	0.0	0.0	0.0	0.0	0.0	0.0	0	3958.0	0.0	0.0	0.0	0.0	0.0	5	0.0	0.0	9.0	0.0	3	0.0	0	0.0	0.0	0	0.0	0.0	7.0	0.0	0.0	0.0	0.0	0.0
sample-9	0.0	0.0	0.0	0.0	0.0	0.0	0.0	0	0.0	0.0	0.0	0.0	0.0	0	0.0	0	0.0	8.0	0.0	0.0	0.0	31	0.0	0.0	23760	0	0.0	0.0	0.0	0.0	0.0	0.0	0.0	0.0	0.0	0.0	0	0.0	0.0	0.0	0.0	0.0	0.0	0.0	0.0	0.0	10.0	0.0	0.0	0	0	0.0	0	0.0	0.0	0.0	0	0.0	0	0.0	0.0	0.0	0.0	0.0	0.0	0	14.0	0	0.0	0.0	0.0	0.0	0.0	0.0	0.0	0	20501.0	0.0	8.0	0.0	0.0	0.0	38	0.0	0.0	59.0	0.0	128	0.0	0	0.0	0.0	0	0.0	0.0	50.0	0.0	0.0	0.0	0.0	0.0
