	Microdochium	Leptosphaeria	Armillaria	Itersonilia	Filobasidium	Cystofilobasidium	Udeniomyces	Phaeosphaeria	Acremonium	Rhodosporidium	Steccherinum	Ascochyta	Ceriporiopsis	Hyphodontia	Sporobolomyces	Alternaria	Diaporthe	Yarrowia	Davidiella	Pringsheimia	Strobilurus	Guehomyces	Entyloma	Malassezia	Mollisia	Kluyveromyces	Mastigobasidium	Agaricus	Eutypella	Peniophora	Bjerkandera	Kabatiella	Trichosporon	Aureobasidium	Cryptococcus	Bensingtonia	Neodeightonia	Leucosporidiella	Neurospora	Cladosporium	Tilletiopsis	Dioszegia	Aspergillus	Irpex	Trametes	Xylodon	Sistotrema	Penicillium	Gibberella	Chalastospora	Botrytis	Debaryomyces	Meyerozyma	Fusarium	Phoma	Wallemia	Candida	Ceratobasidium	Exophiala	Sarocladium	Monographella	Bulleromyces	Ustilago	Fomes	Saccharomyces	Bullera
s1_CD_flare_Inflammed	0.0	0	0.0	0.0	0.0	0	0.0	0.0	0.0	0.0	0	0	0.0	0	0.0	0	0.0	0.0	0.000588408355399	0	0.0	0.0	0.0	0.0214769049721	0	0.0	0.0	0.0	0.0	0	0	0.0	0	0	0	0.0	0.0	0	0	0	0	0	0	0	0	0.0	0.0	0.002942041776989	0.0	0.0	0.0	0.0135333921742	0.0	0	0.0	0	0.8937922918508	0	0.0	0.0	0.0	0.0	0.0	0.0	0.0114739629303	0.0
s2_CD_flare_Inflammed	0.15208367923	0	0.0	0.0001660302175	0.000996181304998	0	0.0001660302175	0.0	0.0	0.0	0	0	0.0	0	0.0	0	0.0	0.0	0.000830151087498	0	0.0	0.0	0.1859538436	0	0	0.0	0.0	0.0	0.0	0	0	0.0	0	0	0	0.0	0.0	0	0	0	0	0.0943051635398	0	0	0	0.0	0.0	0	0.0	0.0	0.0	0.159056948365	0.0	0	0.0	0	0	0	0.0	0.0	0.0343682550224	0.0	0.0	0.0	0.0	0.0
s3_CD_flare_Inflammed	0.0	0	0.0	0.0	0.0	0	0.0	0.0	0.0	0.0	0	0	0.0	0	0.157480314961	0	0.0	0.0	0.00109361329834	0	0.0	0.0	0.201881014873	0	0	0.0	0.0	0.0	0.0	0	0	0.0	0	0	0	0.0	0.0	0	0	0	0.00349956255468	0.193350831146335	0	0	0	0.0	0.0	0	0.0	0.0	0.0	0.00153105861767	0.0	0	0.0	0	0.169947506562003	0	0.0	0.0	0.0	0.0	0.0	0.0	0.0621172353456	0.0
s4_CD_flare_Inflammed	0.0	0	0.0	0.0	0.00219442615756	0	0.0	0.0	0.0	0.0	0	0.000658327847268	0.0	0	0.0	0	0.0	0.0	0	0	0.0	0.0	0.0	0.0241386877332	0	0.0	0.0	0.0	0.0	0	0	0.0	0	0	0	0.0	0.0	0	0	0	0	0	0	0	0	0.0	0.0373052446785	0.011849901250868	0.0	0.00131665569454	0.0	0.681369321922	0.0	0.0342330480579	0.0	0	0	0	0.0	0.0	0.0	0.0	0.0	0.0	0.0	0.0
s5_CD_flare_Inflammed	0.0	0	0.0	0.0	0.0	0	0.0	0.0	0.0	0.0	0	0	0.0	0	0.0	0	0.0	0.0	0	0	0.0	0.0	0.0	0.0768439108062	0	0.0	0.0	0.0	0.0	0	0	0.0	0	0	0	0.0	0.0	0	0	0	0.54991423670714	0.000343053173242	0	0	0	0.0	0.0	0.342024013722484	0.0	0.000343053173242	0.0	0	0.0	0	0.0	0	0	0	0.0	0.0	0.0	0.0	0.0	0.0	0.0	0.0
s6_CD_flare_Inflammed	0.0789198866179	0	0.0	0.0	0.00208861703715	0	0.0	0.0	0.0	0.0	0	0	0.0	0	0.0	0	0.0	0.0	0	0.0546024168283	0.0	0.0	0.0	0	0	0.0847381769357	0.0	0.0	0.0	0.01700731015965	0	0.0	0	0	0	0.0	0.0	0	0	0	0	0	0	0	0	0.0	0.0	0	0.0	0.0	0.0	0.28420110398345	0.0	0	0.0	0	0	0	0.0	0.0	0.00372967328062	0.0	0.0	0.0	0.0	0.0
s7_CD_flare_Inflammed	0.0	0	0.0	0.0	0.0	0	0.0	0.0	0.0	0.0	0	0	0.0	0	0.0456224899598	0	0.0	0.0	0.000321285140562	0	0.0	0.0	0.0438554216867	0.0910843373494	0	0.0	0.0	0.0	0.0	0	0	0.0	0	0	0	0.0	0.0	0	0	0	0	0	0	0	0	0.0	0.0	0	0.0	0.0	0.0	0.784578313253	0.0	0	0.0	0	0.000160642570281	0	0.000321285140562	0.0	0.0	0.0	0.0	0.0	0.0	0.0
s8_CD_flare_Inflammed	0.0195088363553	0	0.0	0.000459031443654	0.0	0	0.0	0.0	0.0	0.0	0	0	0.0	0	0.300436079871	0	0.0	0.0	0	0	0.0	0.0	0.0	0.000114757860913	0	0.0	0.0	0.0	0.0	0	0	0.0	0	0	0	0.0	0.0	0	0	0	0	0.23800780353479	0	0	0	0.0	0.0	0	0.0	0.0	0.0	0.000114757860913	0.0	0	0.0	0	0	0	0.0	0.0	0.0094101445949	0.0	0.0	0.0	0.0	0.0
s9_CD_flare_Inflammed	0.00671273445212	0	0.0	0.0	0.0	0	0.0	0.0	0.0	0.0	0	0	0.0	0	0.0	0.00612043435341	0.0	0.0	0.00631786771964	0	0.0	0.0	0.0	0.0246791707799	0	0.0	0.0	0.0	0.0	0	0	0.0	0	0	0	0.0	0.0	0	0	0	0	0	0	0	0	0.0	0.0	0	0.0	0.0	0.0	0.321224086871	0.0	0	0.0	0	0	0	0.0	0.0	0.00414610069102	0.0	0.0	0.0	0.0	0.0
s10_CD_flare_Inflammed	0.0	0	0.0	0.000162048290391	0.0	0	0.000486144871172	0.0	0.0	0.0	0	0	0.0	0	0.0	0.143898881867	0.0	0.0	0.005509641873281	0	0.0	0.0	0.0	0.108572354561391	0	0.0	0.0	0.0	0.0	0	0	0.0	0	0	0	0.0	0.0	0	0	0	0	0	0	0	0	0.0	0.0	0	0.0	0.00631988332523	0.0	0.0763247447739	0.0	0.046021714470872	0.0	0	0.000648193161562	0	0.0	0.0	0.0	0.0	0.0	0.0	0.0	0.0
s11_CD_flare_Inflammed	0.0015816528272	0	0.0	0.000197706603401	0.0	0	0.000395413206801	0.0	0.0	0.0	0	0	0.0	0	0.0915381573745	0	0.0	0.0	0.0013839462238	0	0.0	0.0	0.000197706603401	0	0	0.0	0.0	0.0	0.0	0	0	0.0	0	0	0	0.0	0.0	0	0	0	0	0.0601028074338	0	0	0	0.000593119810202	0.0	0	0.0	0.0	0.0	0.0195729537367	0.0	0	0.0	0	0.5134440490314	0	0.0	0.0	0.0011862396204	0.0	0.0	0.0	0.0	0.0
s12_CD_flare_Inflammed	0.0	0	0.0	0.0	0.0	0.000137457044674	0.0	0.0	0.0	0.0	0	0.000687285223368	0.0	0	0.180206185567	0	0.0	0.0	0.000687285223368	0	0.0	0.0	0.0	0.175120274913674	0	0.0	0.0	0.0	0.000274914089347	0	0	0.0	0	0	0	0.0	0.0	0	0	0	0	0	0	0	0	0.0	0.0	0	0.0	0.0	0.0	0.326872852233347	0.0	0	0.0	0	0	0	0.0	0.0	0.0	0.0	0.0	0.0	0.0	0.0
s13_CD_flare_Inflammed	0.00798429319372	0	0.0	0.0	0.0	0	0.0	0.0	0.0	0.0	0	0	0.0	0	0.18664921466	0	0.0	0.0	0.00170157068063	0	0.0	0.0	0.129188481675	0.001570680628276	0	0.0	0.0	0.0	0.0	0	0	0.0	0	0	0	0.0	0.0	0	0	0	0.000392670157068	0	0	0	0	0.0	0.0	0	0.0	0.0	0.0	0.107329842932	0.0	0	0.0	0	0.000523560209424	0	0.0	0.0	0.00641361256545	0.0	0.0	0.0	0.0235602094241	0.0
s14_CD_flare_Inflammed	0.00200648248186	0	0.0	0.0	0.0	0	0.0	0.0	0.0	0.0	0	0	0.0	0	0.343108504399	0	0.0	0.0	0.00231517209446	0	0.0	0.0	0.0	0.127643154808189	0	0.0	0.0	0.0	0.0	0	0	0.0	0	0	0	0.0	0.0	0	0	0	0	0	0	0	0	0.0	0.0	0	0.0	0.0	0.0	0.214847970366	0.0	0	0.000308689612595	0	0	0	0.0	0.0	0.00154344806297	0.0	0.0	0.0	0.000154344806297	0.0
s15_CD_flare_Inflammed	0.0134253931722	0	0.0	0.0	0.0	0	0.0	0.0	0.0	0.0	0.0826620636747	0	0.0	0	0.0767165324127	0	0.0	0.0	0.00306866129651	0	0.0	0.0	0.0	0.000383582662064	0	0.0	0.0	0.0	0.0	0	0	0.0	0	0	0	0.0	0.0	0	0	0	0.036440352896064	0	0	0	0	0.0	0.0	0	0.0	0.0	0.0	0.135212888377	0.0	0	0.0	0	0.000383582662064	0	0.0	0.0	0.00882240122746	0.0	0.0	0.0	0.0675105485232	0.0
s16_CD_flare_NonInflammed	0.0	0	0.0	0.0	0.00220264317181	0	0.0	0.0	0.0	0.0	0	0	0.0	0	0.0	0.0985182218662	0.0	0.0	0	0	0.0	0.0	0.0	0	0	0.0	0.0	0.0	0.0	0	0	0.0	0	0	0	0.0	0.0	0	0	0	0	0	0	0	0	0.0	0.0	0	0.0	0.0112134561474	0.0	0.299359231077	0.0	0	0.0	0	0	0	0.0	0.0	0.0	0.0	0.0	0.0	0.0736884261113	0.0
s17_CD_flare_NonInflammed	0.0	0	0.0	0.000206143063286	0.00103071531643	0	0.000206143063286	0.0	0.0	0.0	0	0	0.0	0	0.00309214594929	0	0.0	0.0	0	0	0.0	0.0	0.0	0	0	0.0	0.0	0.0	0.0	0	0	0.0	0	0	0	0.0	0.0	0	0	0	0.18738404452686	0	0	0	0	0.0	0.0	0	0.0	0.0	0.0	0.149866007009	0.0	0	0.0	0	0	0	0.0	0.0	0.0	0.0	0.0	0.0	0.128427128427	0.0
s18_CD_flare_NonInflammed	0.0	0	0.0	0.0	0.00113096584483	0	0.0	0.0	0.0	0.0	0	0	0.0	0	0.362813843022	0	0.0	0.0	0	0	0.0	0.0	0.0	0.168966297218	0	0.0	0.0	0.0	0.0	0	0	0.0	0	0	0	0.0	0.0	0	0	0	0	0.000226193168966	0	0	0	0.0	0.0	0	0.0	0.0	0.0	0.130513458494	0.0	0.000452386337933	0.0	0	0	0	0.0	0.0	0.0	0.0	0.0	0.0	0.0475005654829	0.0
s19_CD_flare_NonInflammed	0.0	0	0.0	0.0	0.0	0	0.0	0.0	0.0	0.0	0	0	0.0	0	0.0	0.188486762205	0.0	0.0	0	0	0.0	0.0	0.0	0	0	0.0	0.0	0.0	0.0	0	0	0.0	0	0	0	0.0	0.0	0	0	0	0.14840903570608	0.144279815399482	0.001457371872723	0	0	0.0	0.0	0	0.0	0.0170026718484	0.0	0.442555258684	0.0	0	0.0	0	0.000728685936361	0	0.0	0.0	0.0	0.0	0.0	0.0	0.0	0.0
s20_CD_flare_NonInflammed	0.0	0	0.0	0.0	0.00573921028466	0	0.0	0.0	0.0	0.0	0	0.000459136822773	0.0	0	0.0	0	0.0	0.0	0.00137741046832	0	0.0	0.0	0.0	0.159550045913787	0	0.0	0.0	0.0	0.0	0	0	0.0	0	0	0	0.0	0.0	0	0	0.000229568411387	0	0	0	0	0	0.0	0.0	0	0.0	0.0	0.0	0.0631313131313	0.0	0	0.0	0	0	0	0.0	0.0	0.0	0.0	0.0	0.0	0.0959595959596	0.0
s21_CD_flare_NonInflammed	0.0	0	0.0	0.000408580183861	0.00306435137896	0	0.000612870275792	0.0	0.0	0.0	0	0	0.0	0	0.0	0	0.0	0.0	0.00204290091931	0	0.0	0.0	0.0	0	0	0.0	0.0	0.0	0.0	0	0	0.0	0.070480081716	0	0	0.000817160367722	0.0	0	0	0	0	0.00102145045965	0	0	0	0.0	0.0	0	0.0	0.0	0.0	0.306639427988	0.0	0.02696629213484	0.0	0	0.0155260469867	0	0.0	0.0	0.0	0.0	0.0	0.0	0.014708886619	0.0
s22_CD_flare_NonInflammed	0.167840735069	0	0.0	0.0	0.0	0	0.0	0.0	0.0	0.0	0	0	0.0	0	0.0	0	0.0	0.0	0.000918836140888	0	0.0	0.0	0.0	0	0	0.0	0.0	0.0	0.0	0	0	0.0	0	0	0.0842266462481	0.0	0.0	0	0	0	0	0	0	0	0	0.0	0.0	0	0.0	0.0	0.0	0.44134762634	0.0	0	0.0	0	0	0	0.0	0.0	0.0220520673813	0.0	0.0	0.0	0.145788667688	0.0
s23_CD_flare_NonInflammed	0.00321802091714	0	0.0	0.0	0.00321802091714	0	0.0	0.0	0.0	0.0	0	0	0.0	0	0.150978814696	0	0.0	0.0	0.000268168409761	0	0.0	0.0	0.0	0.1799410029495	0	0.0	0.0	0.0	0.0	0	0	0.0	0	0	0	0.0	0.0	0	0	0	0	0	0	0	0	0.0	0.0	0	0.0	0.0	0.0	0.203271654599	0.0	0	0.0	0	0	0	0.0	0.0	0.00107267363905	0.0	0.0	0.0	0.040493429874	0.0
s24_CD_flare_NonInflammed	0.0	0	0.0	0.0	0.0	0	0.000641025641026	0.0	0.0	0.0	0	0	0.0	0	0.0	0	0.0	0.0	0	0	0.0	0.0	0.0	0	0	0.0	0.0	0.0	0.0	0	0	0.0	0	0	0.207478632479	0.0	0.0	0	0	0	0	0.12777777777798	0	0	0	0.0	0.0	0	0.0	0.0	0.00042735042735	0.0816239316239	0.0	0	0.0	0	0	0	0.0	0.0	0.0	0.0	0.0	0.0	0.0611111111111	0.0
s25_CD_flare_NonInflammed	0.0163564579808	0	0.0	0.0	0.00253807106599	0	0.0	0.0	0.0	0.0	0	0	0.0	0	0.0287648054146	0	0.0	0.0	0.000282007896221	0	0.0	0.0	0.0	0.00282007896221	0	0.0	0.0	0.0	0.0	0	0	0.0	0	0	0	0.0	0.0	0	0	0	0	0.006486181613081	0	0	0	0.0	0.0	0	0.0	0.0	0.0	0.0301748448957	0.0	0	0.0	0	0.789340101523	0	0.0	0.0	0.000564015792442	0.0	0.0	0.0	0.0	0.0
s26_CD_flare_NonInflammed	0.0	0	0.0	0.0	0.0	0	0.0	0.0	0.0	0.0	0	0	0.0	0	0.0841673502871	0	0.0	0.0	0.00328137817884	0	0.0	0.0	0.0	0.101558654634767	0	0.0	0.0	0.0	0.0	0	0	0.0	0	0	0	0.0	0.0	0	0	0	0	0.0311730926989	0	0	0	0.0	0.0	0.093683347005725	0.0	0.0	0.0	0.241345365053	0.0	0	0.0	0	0.220016406891	0	0.0	0.0	0.0	0.0	0.0	0.0	0.0	0.0
s27_CD_flare_NonInflammed	0.001414427157	0	0.0	0.0	0.0	0	0.0	0.0	0.0	0.0	0	0	0.0	0	0.036303630363	0	0.0	0.0	0.0021216407355	0	0.0	0.0	0.0	0.2428099952855	0	0.0	0.0	0.0	0.0	0	0	0.0	0	0	0	0.0	0.0	0	0	0	0.113861386139	0	0.003300330033	0	0	0.0	0.0	0.0285242809995	0.0	0.0	0.0	0.0002357378595	0.0	0.044790193305001	0.0	0.10231023102311	0	0.109618104667601	0.0	0.0	0.000471475719	0.0	0.0	0.0	0.0115511551155	0.0
s28_CD_flare_NonInflammed	0.0	0	0.0	0.0	0.00226039783002	0	0.000150693188668	0.0	0.0	0.0	0	0	0.0	0	0.000150693188668	0	0.0	0.0	0.000753465943339	0	0.0	0.0	0.0	0.135171790234739	0	0.0	0.0	0.0	0.0	0	0	0.0	0	0	0	0.0	0.0	0	0	0	0.000602772754671	0	0	0	0	0.0	0.0	0	0.0	0.0	0.0	0.239752863171	0.0	0.00331525015069	0.0	0	0	0	0.0	0.0	0.0	0.0	0.0	0.0	0.0259192284509	0.0
s29_CD_flare_NonInflammed	0.0	0	0.0	0.0	0.0	0	0.0	0.0	0.0	0.0	0	0	0.0	0	0.238205560236	0	0.0	0.0	0.00315922493682	0	0.0	0.0	0.0	0.304759898904388	0	0.0	0.0	0.0	0.0	0	0	0.0	0	0	0	0.0	0.0	0	0	0	0.0176916596462	0	0	0	0	0.0	0.0709772535805	0	0.0	0.0	0.0	0.143218197136	0.0	0	0.0	0	0.00442291491154	0	0.0	0.0	0.0	0.0	0.0	0.0	0.0374894692502	0.0
s30_CD_flare_NonInflammed	0.0	0	0.0	0.0	0.0	0	0.0	0.0	0.0	0.0	0	0	0.0	0	0.0327926657264	0	0.0	0.0	0.000352609308886	0	0.0	0.0	0.0634696755994	0.00423131170663	0	0.0	0.0	0.0	0.0	0	0	0.0	0	0	0	0.0	0.0	0	0	0	0	0	0	0	0	0.0	0.0	0.00934414668548	0.0	0.0	0.0	0.0555359661495	0.0	0	0.0	0	0.755112834979	0	0.0	0.0	0.0	0.000176304654443	0.0	0.0	0.00793370944993	0.000176304654443
s31_CD_flare_NonInflammed	0.0	0	0.0	0.0	0.00434253951711	0	0.0	0.0	0.0	0.0	0	0	0.0	0	0.000173701580684	0	0.0	0.0	0	0	0.0	0.0	0.0	0.223032829598422	0	0.0	0.0	0.0	0.0	0	0	0.0	0	0	0.00104220948411	0.0	0.0	0	0	0	0	0	0	0	0	0.0	0.0	0	0.0	0.0	0.0	0.230501997568	0.0	0	0.0	0	0.000173701580684	0	0.0	0.0	0.0	0.0	0.0	0.0	0.0300503734584	0.0
s32_CD_remission	0.0	0	0.0	0.0	0.00153977758768	0	0.0	0.0	0.00633019674936	0.0	0	0	0.0	0	0.0	0	0.0	0.0	0	0	0.0	0.0	0.0	0	0	0.0	0.0	0.0	0.0	0	0	0.0	0	0	0	0.0	0.0	0	0	0	0	0	0	0	0	0.0	0.0	0	0.0	0.0	0.0	0.485885372113	0.0	0	0.0	0	0	0	0.0	0.0	0.0	0.0	0.0	0.0	0.0	0.0
s33_CD_remission	0.0	0	0.0	0.0	0.0	0	0.0	0.0	0.0	0.0	0	0	0.0	0	0.0	0	0.0	0.0	0	0	0.0	0.0	0.0	0	0	0.0	0.0	0.0	0.0	0	0	0.0	0	0	0	0.0	0.0	0	0	0	0	0.000155811779371	0	0	0	0.0	0.0	0	0.0	0.0	0.0	0.156279214709	0.0	0	0.0	0	0.818323465253741	0	0.0	0.0	0.0	0.0	0.0	0.0	0.0	0.0
s34_CD_remission	0.00546448087432	0	0.0	0.0	0.000496770988574	0	0.0	0.0	0.000993541977149	0.0	0	0	0.0	0	0.157476403378	0.000496770988574	0.0	0.0	0.000496770988574	0	0.0	0.0	0.0	0.1395926477893	0	0.0	0.0	0.0	0.0	0	0	0.0	0	0	0	0.0	0.0	0	0	0	0	0.000993541977149	0	0	0	0.0	0.0	0	0.0	0.00645802285147	0.0	0.107302533532	0.0	0	0.0	0	0	0	0.0	0.0	0.000496770988574	0.0	0.0	0.0	0.343268753105	0.0
s35_CD_remission	0.0	0	0.0	0.0	0.0	0	0.0	0.0	0.0	0.0	0	0	0.0	0	0.000264235698243	0	0.0	0.0	0.00251023913331	0	0.0	0.0	0.000132117849121	0.194609591755485	0	0.0	0.0	0.0	0.0	0	0	0.0	0	0	0	0.0	0.0	0	0	0	0	0	0	0.01043731008059	0	0.0	0.0	0	0.0	0.0	0.0	0.154181529925	0.0	0	0.0	0	0.086669309023621	0	0.0	0.0	0.0	0.0	0.0	0.0	0.0018496498877	0.0
s36_CD_remission	0.0117493472585	0.0598657217456	0.0	0.0	0.0	0	0.0	0.0	0.0	0.0	0	0	0.0	0.10220067139127	0.0	0	0.0	0.0	0.00335695635957	0	0.0	0.0	0.0	0.160201417381095	0	0.0	0.0	0.0	0.0	0	0	0.0	0	0	0	0.0	0.0	0	0	0	0.000372995151063	0	0	0	0	0.000745990302126	0.000186497575532	0	0.0	0.0	0.0	0.000932487877658	0.0	0	0.0	0	0	0	0.0	0.0	0.00671391271913	0.0	0.0	0.0	0.0102573666542	0.0
s37_CD_remission	0.000332115576221	0	0.0	0.0	0.0	0	0.0	0.0	0.0	0.0	0	0	0.0	0	0.000664231152441	0	0.0	0.0	0.00365327133843	0	0.0	0.0	0.000332115576221	0.361009631352121	0	0.0	0.0	0.0	0.0	0.06675523082035	0	0.0	0	0	0	0.0	0.0	0	0	0	0	0.000664231152441	0	0	0	0.0	0.0	0	0.0	0.0	0.0	0.188973762869	0.0	0	0.0	0	0.000332115576221	0	0.0	0.0	0.000332115576221	0.0	0.0	0.0	0.159747592162	0.0
s38_CD_remission	0.00180897250362	0	0.0	0.0	0.0	0	0.0	0.0	0.0	0.0	0	0	0.0	0	0.0	0	0.0	0.0	0.00271345875543	0	0.0	0.0	0.0	0.243125904485855	0	0.0	0.0	0.0	0.0	0	0	0.0	0	0	0	0.0	0.0	0	0	0	0	0	0	0	0	0.0	0.0	0	0.0	0.0	0.0	0.521345875542362	0.0	0	0.0	0	0.000361794500724	0	0.0	0.0	0.000723589001447	0.0	0.0	0.000723589001447	0.012481910275	0.0
s39_Healthy_Control	0.0	0	0.0	0.0	0.0	0	0.0	0.0	0.0	0.0	0	0.00193798449612	0.0	0	0.166860465116	0	0.0	0.0	0.000581395348837	0	0.0	0.0	0.0	0.145155038759612	0	0.0	0.0	0.0	0.0	0	0	0.0	0	0	0	0.0	0.0	0	0	0	0	0	0	0	0	0.0	0.0	0	0.0	0.0	0.0	0.307945736433612	0.0	0	0.0	0	0	0	0.0	0.0	0.0	0.0	0.0	0.0	0.0	0.0
s40_Healthy_Control	0.0	0	0.0	0.0	0.00399695470118	0	0.0	0.0	0.0	0.0	0	0	0.0	0	0.000380662352493	0	0.0	0.00266463646745	0	0	0.0	0.0	0.0	0.230300723258247	0	0.0	0.0	0.0	0.0	0	0	0.0	0.16749143509721	0	0	0.0	0.0	0	0	0	0	0	0	0	0	0.0	0.0	0	0.0	0.0	0.0	0.104301484583	0.0	0	0.0	0	0.100875523410247	0	0.0	0.0	0.0	0.0	0.0	0.0	0.0	0.0
s41_Healthy_Control	0.0	0	0.0	0.0	0.0	0	0.0	0.0	0.0	0.0	0	0	0.0	0	0.26001031105	0.00326516583605	0.0	0.0	0.00051555250043	0	0.0	0.0	0.000171850833477	0.273070974394477	0	0.0	0.0	0.0	0.0	0	0	0.0	0	0	0	0.0	0.0	0	0	0	0.00103110500086	0	0	0	0	0.0	0.0	0	0.0	0.00859254167383	0.0	0.135246605946	0.0	0	0.0	0.12373260010263	0	0	0.0	0.0	0.0	0.0	0.0	0.0	0.0	0.0
s42_Healthy_Control	0.00205198358413	0.0371637026904	0.0	0.0	0.0	0	0.0	0.0	0.0	0.0	0	0	0.0	0	0.0683994528044	0	0.0	0.0	0.004103967168265	0	0.0	0.0	0.0	0.085043319653415	0	0.0	0.0	0.0	0.0	0	0	0.0	0	0	0	0.0	0.0	0	0	0	0.0107159142727	0	0	0	0	0.0	0.0	0	0.0	0.0	0.0	0	0.0565435476516	0	0.0	0	0.00113999088007	0	0.0	0.0	0.00205198358413	0.0	0.0	0.0	0.0	0.0
s43_Healthy_Control	0.00506373319364	0	0.0	0.0	0.00331761829928	0	0.0	0.0	0.0	0.0	0	0	0.0	0	0.0	0	0.0	0.0	0.004016064257026	0	0.0	0.0	0.0	0.0609394098132	0	0.0	0.0	0.0	0.0	0	0	0.0	0.107386066003	0	0	0.0	0.0293347302252	0	0	0	0	0	0	0	0	0.0	0.0	0	0.0	0.0	0.0	0.122751877074	0.0	0.03230312554565	0.0	0	0	0	0.0	0.0	0.0024445608521	0.0	0.0	0.0	0.00349222978872	0.0
s44_Healthy_Control	0.00421851929973	0.00126555578992	0.0	0.0	0.0061168529846	0	0.0	0.0	0.0	0.0	0	0	0.0	0	0.0	0	0.0	0.0	0.00126555578992	0	0.0	0.0	0.0	0	0	0.0	0.0	0.0	0.0	0	0	0.0	0	0	0	0.0	0.0	0	0	0	0	0	0	0	0	0.0	0.0	0	0.0	0.0	0.0	0.413414891373	0.0	0	0.0	0	0.000632777894959	0	0.0	0.0	0.00210925964986	0.0	0.0	0.0	0.0333263024678	0.0
s45_Healthy_Control	0.0	0.00325299423333	0.0	0.0	0.0038444477303	0	0.0	0.0	0.0	0.0899009315393	0	0	0.0	0.08871802454533	0.147715510868	0.000739316871211	0.0	0.0	0.00147863374242	0	0.0	0.0	0.0	0.146680467248	0	0.0	0.0	0.0	0.0	0	0	0.0	0	0	0	0.0	0.0	0	0	0	0.063729114298384	0	0	0	0	0.0	0.0	0	0.0	0.0	0.0	0.0736359603726	0.0	0	0.0	0	0	0	0.0	0.0	0.0	0.0	0.0	0.0	0.0	0.0
s46_Healthy_Control	0.0106211347136	0	0.0	0.0	0.0	0	0.0	0.0	0.0	0.0	0	0	0.0	0	0.0	0	0.0	0.0	0.00443667652595	0	0.0	0.0	0.0	0	0	0.0	0.0	0.0	0.0	0	0	0.0	0	0	0	0.0	0.0	0	0	0	0	0	0	0	0	0.0	0.0	0	0.0	0.0	0.0	0.292820650712211	0.0	0	0.000672223716053	0	0.00147889217532	0	0.0	0.0	0.005108900242	0.0	0.0	0.0	0.0	0.0
s47_Healthy_Control	0.00610420754306	0.00261608894702	0.0	0.0	0.0	0	0.0	0.0	0.0	0.0	0	0	0.0	0	0.000436014824504	0	0.0	0.0	0.00239808153477	0	0.0	0.0	0.0	0.332025288859322	0	0.0	0.0	0.0	0.0	0	0	0.0	0	0	0	0.0	0.0	0	0	0	0	0	0	0	0	0.0	0.0	0	0.0	0.0	0.0	0.254632657510252	0.0	0	0.0	0	0	0	0.0	0.0	0.00196206671027	0.0	0.0	0.0	0.0	0.0